10423
5018
4205
54998
686
51008
2671
9733
9092
6885
81037
84549
9785
55643
56919
55701
170506
8473
22907
25994
55760
55749
10445
682
9813
57147
60672
4140
57787
8816
5499
27102
10238
57410
50717
54505
10973
55681
158
10514
9451
440275
283459
192286
3028
55153
4793
51144
133619
8446
25820
5216
10425
25948
55709
11072
80824
57461
23167
84078
10169
8405
118924
121665
1659
1660
51247
10605
2617
10899
56940
10482
5635
2618
51283
9538
83666
494115
10039
10775
142
51367
10248
10295
10553
64841
1175
51503
91445
149603
51255
9684
549
60682
23295
8125
29117
116841
23476
100529063
65980
51069
55729
65008
51073
2972
11222
10541
55290
23520
81611
23394
123355
65005
908
441381
23588
116138
9826
9775
8737
1973
57122
57505
9342
53635
90007
79575
6499
100526740
63874
8569
51582
79033
83443
10262
23450
10992
23451
8897
8776
55308
11269
1665
92935
8449
51566
8773
9107
2237
64860
54883
6749
55631
6046
163882
115353
9255
10489
64710
8455
1460
55274
100528064
157697
285464
57470
57649
54882
10291
10946
6389
6390
1453
2931
2932
6391
9798
57403
6392
57703
8636
22916
9788
80895
8899
475
6634
6632
6633
51065
56259
440574
2342
50862
134492
2339
84955
9474
255252
11252
10533
23219
55379
64223
26263
81847
8539
55095
6165
222194
100526783
8772
23283
84153
57095
51154
57534
56986
84893
8721
4758
4780
123879
23142
6595
84259
80204
6597
64769
60528
317662
64776
51523
5876
466
30827
7181
5875
9852
1386
55294
375056
11153
54461
6598
29956
552889
6468
26190
54455
26001
51150
200933
396
6388
1173
83605
58487
9158
23478
4643
56928
10199
23463
64422
166785
81545
22926
79447
3916
4836
327
3920
118987
8841
468
3066
493753
388753
55611
2907
11016
51315
55869
163859
10013
91612
1874
56262
64225
28958
50809
51287
3094
55744
84681
23644
65018
9827
3276
7844
54496
83743
10419
80153
79016
283899
28976
83444
91647
6742
1642
27042
84324
55051
23020
54946
2548
1643
10982
29934
23161
4942
399979
112574
55593
9784
128
94104
55658
471
9919
10153
55845
55298
2629
54805
26505
1054
83891
2926
617
572
55256
27246
8451
23197
8846
11124
8450
221120
51074
121642
54890
7737
54778
5955
25782
78994
3572
22930
79717
54788
7203
11112
9653
10521
8886
8729
51726
4179
79719
23456
55108
1662
285672
84922
50626
23646
29882
8879
51433
285367
80011
84516
10671
11258
51164
10540
54108
116983
9031
3035
26234
509
91754
26235
283635
8554
26233
51434
6787
26224
2230
9419
3364
10244
7376
55278
9373
56342
124512
26270
25875
26273
79165
262
55664
25793
10542
64376
8649
389541
55644
55004
100529261
28956
79068
80762
1653
80755
54940
967
84154
55505
27068
80135
5464
10574
8602
22948
51603
57721
27351
10575
54780
9135
55037
51491
10694
26024
10944
55216
197258
3422
79066
64745
92342
513
84987
51124
8992
1353
506
129531
3281
205564
5728
26054
166
2395
27109
55501
219771
10632
8443
539
90639
9114
10476
51241
522
1355
8812
1487
51528
902
54537
116228
51388
54840
339175
10280
8763
55798
22880
10111
59343
26168
84890
55011
132
10807
132660
84315
5537
10806
158293
9656
29937
26017
50814
593
1452
22839
122011
10638
22921
83548
57704
25839
161
91949
84342
160
64083
9521
285855
51602
55957
10528
498
23545
9382
22796
387263
60488
65993
51650
4817
56954
139231
10055
10240
1329
10884
23609
9049
221294
81894
54542
113444
57192
56034
115286
83737
29889
5531
3475
79647
55122
26354
81688
55746
2235
8568
1471
23378
56994
79607
1345
10134
79811
81034
29920
84268
10952
8780
54977
79892
1476
90780
64771
51629
1456
29035
23480
5884
5536
51373
51021
1933
64960
10456
63931
6183
64963
10139
55173
1350
50813
54529
4738
64708
3998
284004
83732
55781
3735
26528
9978
26258
51024
145553
55330
282991
27043
388552
85476
2647
57020
51329
23107
9869
84148
64949
28957
51649
27249
56945
64432
84284
64951
1351
100289561
50808
55327
204
54460
10524
116113
6721
200845
10105
10450
8402
10465
9360
5481
60559
23212
25920
57827
28972
7936
9141
84656
23582
10016
29085
59338
1314
5007
3607
55793
65117
23367
10956
5134
8880
9993
64795
5093
64777
5094
51755
55856
5127
9685
9778
8621
10928
64969
64968
51081
55788
84274
51116
51004
8204
55229
51117
27235
80025
113251
79646
64965
126119
3732
51574
9270
975
653784
80097
92106
1725
51449
11316
53838
79004
56927
151987
9989
8520
2909
1312
196463
6119
6118
2073
9702
221545
25988
91137
55973
9673
9394
2071
23398
2067
342538
9997
57720
54984
6341
2068
1743
112939
9972
138151
8850
60592
23395
29115
80254
11315
79657
6311
221477
283951
2021
51319
162073
55454
55269
9577
79893
6342
57679
3052
9045
115416
11157
51690
80155
84081
84320
91452
1499
64746
54858
283871
8260
23658
25804
27258
6135
57819
27257
550
5607
25998
11103
80207
4976
10363
10362
23786
1495
79922
9043
9552
51126
50485
53918
100534599
55101
147339
83480
191
83608
123803
7916
84726
84316
54949
219402
52
441155
54517
533
527
10614
64689
26003
26355
56257
55660
4953
1857
55666
5604
23155
5605
5245
6194
6193
221955
23780
7593
9146
51182
10204
79576
51340
10239
27297
1176
5859
23351
8220
26065
130074
149986
9276
55624
90956
79680
54700
4682
10101
114825
1315
79176
64839
84245
11340
5184
23016
54512
23404
51013
9380
10827
2783
2782
4690
6240
63932
64374
64324
9575
139322
23193
11224
28987
81890
9445
150274
6156
84769
6161
6160
6164
100303755
9230
10994
8766
64781
10412
4141
57820
23473
55003
728489
6155
47
84273
79029
823
56929
6197
90411
27430
23481
56926
100131801
29803
29919
1785
64210
151194
10007
830
4849
222484
6199
4848
23019
6198
29883
4850
84661
10969
3421
57708
10424
57150
26127
6184
9698
23369
6185
10380
79077
57661
51026
124454
27247
5036
22820
4236
4238
10128
57506
64760
23261
57700
3146
23125
7555
2137
24145
10311
900
64343
56655
84335
55652
56339
54107
6128
3727
6132
6124
11285
388695
51601
145748
116068
9334
84067
8703
9551
23381
55181
9887
3658
2224
3420
23557
3419
51185
5425
6400
51
200205
3340
65056
3073
9191
11253
5190
5830
29880
25824
7913
7001
10935
8394
79053
5052
79796
8310
79006
5189
5828
387
388
51654
4799
10905
29081
57018
1024
1025
51606
79902
55705
58477
10526
1019
51382
5814
81669
5813
9296
37
64326
90416
8648
84971
23196
23192
84498
10527
9588
23054
54849
83692
79157
126321
497661
25764
51107
25813
5494
4306
10241
4802
4801
517
5495
10625
518
224
55768
54936
9557
51763
26985
55341
1603
92667
3632
51360
51374
23137
515
1819
1629
3704
114932
8720
51282
57665
51143
210
22868
126792
51510
10611
5306
79643
6730
23760
221496
27248
4841
51608
5681
1408
51141
8540
11020
9693
2889
57149
826
256281
55270
57128
9812
29789
54994
60626
51585
4839
26130
161424
6731
60493
55573
10772
78987
9295
1605
116224
832
28955
5300
10955
64434
55109
57515
1340
53371
11066
6729
56985
4090
10011
4089
4087
11243
141
10525
100529241
23636
11017
29094
79622
56943
2971
9731
9318
51647
84191
10987
60491
10980
94101
10922
8533
51138
10920
55929
81892
8760
5073
9070
55486
79913
51260
93973
30833
8546
65991
10302
26121
64425
51082
6619
7536
9533
2959
84299
26155
56998
528
10001
9443
154007
29079
2969
112950
79954
25926
29095
9410
94103
56180
79159
10999
5437
5436
5435
587
5434
1891
5441
25940
5440
5439
5438
9897
9167
9550
23152
5433
9790
5432
5431
5430
27339
84173
6418
9541
9821
8943
26959
200014
5110
54862
6625
26071
10286
1632
10455
51728
92002
10623
8559
4076
55718
79003
10914
10213
25855
5719
3608
51093
5718
5717
529
5716
121260
10606
801
10296
29959
80271
5411
51575
55830
57563
493856
51088
2948
134553
55847
284106
51071
54741
3705
80196
55072
10067
10066
1615
7919
79048
9306
122809
11097
2799
123811
55361
6628
64320
6626
2531
54623
6631
1362
79102
55892
6637
119504
51009
54407
79139
6723
25847
10020
22818
25906
87178
4814
10393
10755
2029
51529
553115
57380
90480
7779
373156
63826
26994
64924
9921
950
65265
10463
2130
9604
11342
8312
11345
10970
51550
2592
10284
79594
6741
8562
92399
221035
7905
54870
56951
64400
55288
124641
89941
54865
5770
2356
2987
8790
1477
9470
7818
648
728294
55862
4047
401466
84901
2937
207
4221
2936
9689
8819
10026
4289
394
5062
5281
54872
79109
29965
5283
11264
5279
24140
3837
3459
117246
10657
65083
56948
84992
54965
55035
284098
51406
128869
51604
94005
51227
56101
51056
9703
1981
55234
1982
8672
1399
80143
8570
129563
57179
3836
10539
51218
1500
1892
55316
51022
29102
84933
9683
9425
51100
84304
1059
11051
80198
9446
22893
9130
26240
85359
83787
80230
51507
51248
7918
79763
56970
22894
2821
6651
414919
80152
1398
9810
3939
57546
5526
441150
5525
5528
5527
9862
259230
5978
116151
9412
9477
80314
8453
8065
55588
192111
5289
10084
23598
84522
51719
8454
5291
55795
3980
55149
4204
400569
55218
9282
3981
9969
10162
84246
51228
79701
55239
219541
5810
5594
4864
10577
5597
51293
10025
79020
79034
79706
5601
127829
5599
5529
55207
28985
54973
200186
5887
25843
10651
118487
54927
84310
51142
11079
84269
382
381
598
131474
10564
79145
23513
80851
8872
55226
55844
2271
10534
9741
63935
171023
6428
6427
6429
6432
375
78996
9221
10929
79648
55572
84514
83985
55012
6426
57666
1998
6574
83939
26148
10654
1616
1939
26225
11188
60496
3597
81577
285148
54539
4716
11044
5297
10289
5298
28962
4043
4552
662
167153
5269
663
100996939
29781
6726
8560
23265
149371
10006
51077
57532
9169
112970
9526
60412
11336
8050
2181
2109
56913
55770
2108
55763
5164
402055
90678
8216
692312
51115
51535
55177
55968
144108
2107
55198
22845
57456
221092
56888
11100
79036
84271
8073
26073
369
54808
11054
10717
4968
22913
100272147
6727
56942
152100
9367
29890
8543
3416
10767
6728
2222
283106
56947
55272
27069
27044
23234
22826
7266
8726
5898
80331
3338
5611
27000
92856
22862
5378
10519
8106
8888
55907
1676
5970
80010
10908
50640
66005
5546
30836
138716
116092
10015
84364
7879
3069
26286
138428
4200
8550
55969
9261
51651
405
51397
10109
11267
85313
11019
80255
4736
79147
25842
9093
10294
120534
79813
57691
65979
389677
84926
669
22
339344
54681
57213
1777
4123
22864
4189
83475
10728
29078
80142
1537
197322
91942
25915
23597
4149
836
23324
4150
10005
842
5356
1736
840
647087
9209
1877
23384
400
5518
90550
359948
26284
9129
26145
283489
9128
24148
4122
55508
79939
55559
29924
5520
54930
113612
79441
23770
2287
112398
124944
23151
3376
221078
65258
10237
51439
347734
10594
11319
112495
9328
2976
2975
54888
55695
63943
9330
339263
5894
79634
284018
7795
51072
23385
51006
51003
8800
8799
22858
10260
79095
10557
9324
25953
81876
55699
7355
5861
390637
767558
113829
8301
25814
51121
51759
10556
51752
55851
2733
79685
23011
23560
27341
90120
5901
29083
100532731
26035
11284
3954
22931
11108
27032
29777
8028
55670
1738
51552
342371
10890
60678
2132
84267
2734
11161
80347
64801
9556
1182
10667
1120
57799
10641
811
8131
113246
8815
813
144577
91574
80218
55299
51335
3182
79058
687
51573
84285
64342
10949
121053
90861
6049
9616
6047
64207
6048
6945
29097
79903
9570
100532726
9527
440138
9611
1186
51274
5465
5467
5869
5878
5257
8036
9931
8625
821
55102
51125
9361
2738
56683
83752
81929
2879
56922
197370
23130
2800
286053
5870
9950
56894
2802
10554
2801
5928
88745
91298
5867
10073
8930
53615
84236
8932
5931
4152
25807
22937
642
54453
5868
10056
2193
84946
5550
92140
9140
9776
8500
89953
55291
391356
80267
9701
11102
4282
11273
8209
5824
267004
10226
9409
4298
5195
5562
5194
5193
2120
5862
84932
2665
1347
23244
10989
55626
6647
23300
329
11337
10113
23071
84248
60314
2804
9669
1984
55902
201163
5162
10285
2553
10978
27342
5566
25821
51188
51596
833
9463
5564
11261
7841
10845
140461
81565
51023
28973
55168
4077
51025
8192
51665
10270
51479
83658
140460
140459
11321
54707
51429
51184
3267
58533
151903
4597
27131
6643
10670
8723
8724
29099
3688
8664
8661
4594
8662
23788
8666
8667
3646
23787
27335
51386
2739
8668
28952
8669
10480
55246
3064
22938
64077
23603
56652
7458
8270
23191
5906
22827
6248
1854
23173
1211
10988
1212
23172
5571
93621
1213
25938
64410
10121
26953
10120
8498
79644
8195
5902
5903
27252
1147
1912
3654
3145
10146
79602
51094
57003
1327
11212
64412
152137
4924
162427
55669
79714
79137
2186
56548
372
23412
150684
91283
126298
149951
1523
170622
28511
28991
134145
65990
91289
3054
84908
10142
29080
219988
5394
4534
7922
54960
79005
100101267
51105
30849
29985
79760
5295
27173
2873
345757
83746
23408
51548
23041
22933
23410
2874
4350
51808
4351
79786
2935
654364
11331
1810
23708
64925
25983
84967
23509
55860
58506
221786
91869
57466
9842
26173
6100
91050
8971
5905
25957
65123
79932
4601
54981
6745
9500
7862
27154
1198
92105
51631
79002
51747
81533
203069
284352
65992
10436
6257
6256
1798
122525
339230
6500
5108
51290
51614
10201
81576
4831
8086
4832
1965
8894
28974
6207
93974
22828
56181
79017
80212
55702
79078
148423
79863
11083
3030
56616
25898
11196
55160
10726
6228
6229
11282
79080
55111
541578
171546
25874
91966
25912
50865
5111
51389
25950
57142
22929
60343
79142
79629
4676
91582
4482
140735
56850
8804
51324
29952
255374
9792
285237
201626
283219
2968
51079
222658
55157
93487
404672
4705
55967
10608
2965
126328
9391
5202
55837
10471
5204
5203
55571
8607
51244
6051
25962
4666
113655
85021
84975
8733
56647
10243
205428
81579
5515
10531
5516
57455
3295
9159
23291
9184
51068
64110
8347
51667
6992
1994
5514
6449
8883
4331
84334
57786
8813
64428
84844
80208
6746
6747
3692
84572
127687
54928
440400
10523
54987
51292
164
537
1983
5936
10181
734
140823
10180
10179
8738
64834
55661
9416
57062
8574
9188
10106
10209
58478
58490
3033
80148
56681
1650
54896
318
11165
9219
3181
51637
252969
1938
27440
10236
3192
10552
79035
9587
22992
6605
27352
55312
54955
80308
585
163126
54812
136647
6629
28989
3191
4947
4670
100527963
51202
3190
4946
25836
9879
5147
54555
1654
3185
29926
3184
5130
3183
51428
29927
11325
10367
9709
9236
81614
103910
374659
55848
79798
93436
5986
54906
27316
64224
56172
55156
23640
84279
54606
3188
85403
25852
79637
2962
4723
55629
2963
4729
83479
5573
81932
6396
3096
79587
3187
79039
1727
10427
4683
10802
51611
112483
1801
8314
23517
10664
1802
285381
374291
3163
998
25879
4726
4725
25853
80344
4724
27238
2957
79269
79731
4728
100533467
55745
9632
9791
4783
4722
4720
196527
8242
9166
51409
1739
54942
10484
6301
3895
10150
58526
988
23175
4074
4691
3029
56851
10328
51016
55831
51234
81873
116254
143244
83460
8099
14
79869
11052
23065
29098
10898
9694
84458
53981
223
90
2590
130355
2589
9774
8907
339804
60485
126789
6050
5962
7095
23583
11231
27292
309
310
57680
10327
115098
53343
133957
10042
51497
22993
55163
9554
3308
5048
9117
3309
3312
1108
8634
3313
91272
63877
10488
388962
4771
56902
339448
84265
1827
5822
11137
1209
23256
27130
152579
6609
3716
51027
9682
57409
55627
9637
64976
5889
28977
22872
64975
25980
9917
25930
126382
246243
54476
8881
10443
6433
27429
5351
94239
9939
8985
3015
64979
51253
9555
3014
64978
64983
8892
205327
8891
9553
8890
8893
51318
9275
27343
116540
1207
122704
51426
54675
26097
51258
55182
54534
5429
5428
60561
16
90736
643246
25979
401152
79571
5985
4247
25796
10075
5981
5982
9761
26135
5917
740
57129
51642
84311
10459
123263
26589
84545
65080
10572
81608
60313
11140
10589
55172
79074
2588
51362
27434
116541
128308
2010
79877
2639
9885
57038
114883
54934
8678
55683
27349
57706
23647
55152
2058
8697
27236
996
5781
221491
2686
51371
283537
10598
55017
23
6687
55324
10061
4677
162
85865
54431
4292
55608
124583
9650
55192
26057
9530
55210
8548
7917
573
81858
85406
84693
26502
55735
5250
9807
284361
131118
51447
6059
79171
55285
292
2319
10211
26091
404734
84869
134218
23013
80777
51295
5119
23243
5663
5664
6477
6478
9584
23203
55651
9512
29107
23029
155435
55726
11333
8079
55052
2585
65003
124995
28998
6182
29088
64928
51239
63875
54948
54815
9825
9801
57459
5825
29074
26574
9692
54439
55131
5768
26297
55147
90864
27125
51263
221927
55677
90378
85377
142891
79590
6150
128338
29093
219927
157567
10573
5510
23210
5511
51264
100137047
339123
92400
9904
65094
10432
5230
64783
5089
100526737
84991
80273
128866
29082
9643
11335
23468
81889
84925
54187
8545
1371
5000
10616
10250
22985
8241
55005
10137
6166
4835
4116
9343
643314
5501
22936
5683
26156
692094
23479
5682
646450
9448
5687
5686
5685
5684
6386
10658
5631
27243
51343
2729
3068
2002
5476
8775
5688
2730
51727
25978
5693
5692
90231
5695
5694
7920
5689
2005
5691
23438
5690
955
689
79654
6498
9583
79414
113201
25864
57117
22794
55174
84896
4795
11101
10943
5706
5705
5704
5702
5701
8904
29086
80219
8895
221184
55054
439
8243
10135
79803
3257
2098
755
84333
91
51119
2017
4176
89970
10585
348180
57120
5707
5708
55347
25977
5709
84945
5710
51517
26090
5711
9861
5713
5714
5715
26610
55140
55250
54859
4718
6015
6993
4717
84759
3454
84061
79591
708
5720
5037
1509
10197
84919
4709
4710
4711
27301
4712
4713
125988
4714
4715
4255
114971
4708
9491
9883
100996928
80007
3621
328
114294
4697
64423
1635
2956
4698
4695
2079
4696
10059
4702
56672
4437
79758
55049
4704
4700
4701
10189
84262
4259
389362
56984
79918
80854
84954
124936
29072
84193
55209
80185
9675
6293
55850
55275
10492
738
9589
85014
10430
27153
27097
203547
84307
27183
84124
81853
51522
29844
440515
22847
51465
118424
9878
7587
23505
80194
126208
171017
7690
85437
10352
6944
130557
757
85013
92305
91978
23585
55654
83862
57541
23091
55854
124245
9344
7675
26099
7332
7419
7391
7392
116115
440567
11070
127262
7251
79101
7327
84671
79175
10869
30815
7705
148022
9100
84336
10600
9097
7581
29066
23264
7701
7702
63925
7697
6882
6881
6884
6883
7693
8148
80145
8563
23326
29761
55002
283337
54499
29101
10771
51204
7727
7589
10713
84640
51322
93134
23032
146050
79650
54957
26019
5976
252839
54989
10155
5987
7726
10329
54925
55031
92595
10652
10907
51157
158586
200081
132001
7789
389856
165324
7072
163033
64763
79177
51042
9640
56900
6786
84233
7553
51441
54915
253943
7551
79022
54664
56061
9894
10791
9341
51657
10254
7030
7335
10963
7336
27309
7268
7265
79692
284695
94056
90850
55754
7027
55697
51174
57176
27089
63892
7110
7542
84240
64601
8803
84186
85364
54816
6905
6814
389898
29090
29928
1155
6902
6904
6903
7316
7296
7314
58525
7360
7381
51271
51699
131601
26519
26517
10273
54926
7019
51014
222068
339487
50999
10959
11018
80019
51028
57617
54732
55585
7511
90809
100381270
9889
54963
51160
84313
55266
129787
27037
7064
51693
80146
65082
80829
84619
81627
11060
11059
9352
10490
23304
55333
10190
143187
10010
51112
60684
80006
55148
55039
51075
8459
81542
56255
6942
7444
51231
139596
55014
10972
6832
8677
22980
55325
83941
83877
80213
7165
84878
199746
7342
29068
55254
6938
10009
55954
54472
64393
7257
153527
137492
9880
7411
54386
54931
51499
122553
49854
7353
7597
51398
79683
84287
158427
7389
80764
51078
90326
65986
27107
168451
7390
10342
7541
55787
7709
10472
53373
201595
3703
55253
7264
7529
7531
112858
55852
7343
80700
51504
23190
283237
6892
7150
339318
56674
285343
54765
163590
90933
730051
7743
80351
7748
10168
56658
23144
147007
388730
55362
51619
201292
7323
7322
115939
201931
9898
286451
55720
90121
91603
22888
7247
10477
81844
81605
79613
8408
128989
25989
25844
81555
7112
84272
54432
7325
7324
7385
7384
85025
80021
169200
80775
55219
9528
79693
10318
10376
84790
9183
7319
84872
140739
54968
7329
7328
387521
7320
64852
7334
7297
6897
7507
25880
8269
7508
100527943
3093
51249
9040
55284
284273
57050
65264
89910
331
390980
7337
6434
29896
55813
131616
9690
27229
51368
55161
25963
27327
113419
10617
84993
51341
6950
9354
7009
10277
51643
64114
64418
10844
5412
59286
9967
55884
26133
9877
8725
10618
7520
6838
2547
51193
9399
30968
27332
124997
51030
54663
84128
84942
79084
9874
84948
81789
51300
121274
8565
84146
11244
197407
145567
22882
65251
23051
90522
10897
8409
83696
22878
112840
6836
126003
8266
26009
10467
51399
10730
58485
6834
27095
7592
9326
54554
7629
7775
83707
79876
55665
100533106
6856
54853
7769
79726
90441
9831
253639
55100
7024
65109
80349
7317
10054
9039
90407
440026
51506
9849
134430
64132
126069
55339
51201
23528
6811
8189
55146
6810
130502
51304
23548
25921
29801
9652
125150
7088
23053
57592
146542
90204
51058
11179
147657
55255
54521
26995
23160
9277
11152
7284
10782
10773
56897
79027
55279
7580
55293
57418
64743
55759
51256
6827
23216
9320
51534
7572
79759
55761
7570
54902
144348
100507290
79894
80232
79446
25949
6923
6924
9925
84219
6921
22890
91833
7514
25972
29796
6483
10975
26520
55311
55663
374882
94107
6901
83940
9797
9524
124402
51067
220929
7126
7311
8576
9482
54867
6794
124446
203068
10915
7008
6880
84231
7189
11260
79064
6874
9325
84065
129685
25917
26100
374395
51095
79736
7415
79744
7249
84330
23039
57862
55171
7586
7756
64222
29058
10612
84936
81603
79797
116461
55069
10210
51663
23376
729515
54952
118813
130617
51377
7347
7109
202018
51729
254863
91304
746
7259
26175
6302
1861
27348
7014
79042
23038
10454
54838
26262
23118
10102
9406
54764
202658
9218
9217
23074
11338
127428
7307
83590
8027
79134
6829
79089
23061
8801
29966
8802
7528
9238
84897
55751
6830
81550
6888
10474
25828
117143
30834
56270
93643
23023
261726
7167
79178
26123
10269
9913
90196
84294
26515
6675
10923
100534012
91746
8887
55249
10813
9724
10440
10245
54929
84135
55621
11193
23558
7155
53349
24144
54819
23318
55591
10131
9804
56993
7874
9101
388403
7374
8078
7375
27067
6780
6612
7341
85369
51002
6774
57794
10138
10140
11334
387522
29110
56893
10078
29978
29979
10948
64786
56910
23435
57533
64216
29914
26521
25771
23512
7073
112936
51106
9559
54469
7763
84447
60685
11171
79752
337867
54543
100188893
401505
7750
11180
10452
10910
51060
51061
55773
84817
79770
55217
10885
9948
128637
7485
286262
7982
92609
7174
170960
9777
56889
10548
9375
7644
10469
2040
55135
150786
100302736
8239
114049
51123
29087
83549
7371
3842
26277
23534
100529257
25777
51567